Pre-processing time = 4.22261 seconds.
4(1073741823->18446744073709551615), 28(69->18446744073709551615), 11(1073741823->18446744073709551615), 15(45->18446744073709551615), 24(77->18446744073709551615), 35(47->18446744073709551615), 17(43->18446744073709551615), 36(45->18446744073709551615), 26(49->18446744073709551615), 50(65->18446744073709551615), 33(47->18446744073709551615), 39(51->18446744073709551615), 19(45->18446744073709551615), 2(63->18446744073709551615), 47(55->18446744073709551615), 49(1073741823->18446744073709551615), 25(51->18446744073709551615), 18(61->18446744073709551615), 32(69->18446744073709551615), 40(43->18446744073709551615), 5(59->18446744073709551615), 21(77->18446744073709551615), 7(47->18446744073709551615), 12(1073741823->18446744073709551615), 14(45->18446744073709551615), 42(61->18446744073709551615), 27(71->18446744073709551615), 6(55->18446744073709551615), 45(45->18446744073709551615), 44(1073741823->18446744073709551615), 30(49->18446744073709551615), 38(53->18446744073709551615), 13(57->18446744073709551615), 37(49->18446744073709551615), 3(41->18446744073709551615), 16(45->18446744073709551615), 29(51->18446744073709551615), 43(1073741823->18446744073709551615), 9(47->18446744073709551615), 22(77->18446744073709551615), 8(53->18446744073709551615), 23(49->18446744073709551615), 20(75->18446744073709551615), 34(1073741823->18446744073709551615), 1(57->18446744073709551615), 10(47->18446744073709551615), 31(67->18446744073709551615), 0(65->18446744073709551615), 46(63->18446744073709551615), 41(1073741823->18446744073709551615), 48(41->18446744073709551615), 
Remaining agents = 51, remaining time = 99.9999 seconds. 
Agent 4
Remaining agents = 50, remaining time = 93.9268 seconds. 
Agent 28
Remaining agents = 49, remaining time = 93.9247 seconds. 
Agent 11
Remaining agents = 48, remaining time = 90.0547 seconds. 
Agent 15
After agent 24: Remaining agents = 47, colliding pairs = 1, LL nodes = 96951, remaining time = 55.419 seconds. 
After agent 49: Remaining agents = 46, colliding pairs = 1, LL nodes = 1, remaining time = 55.419 seconds. 
After agent 44: Remaining agents = 45, colliding pairs = 1, LL nodes = 52, remaining time = 55.4187 seconds. 
After agent 41: Remaining agents = 44, colliding pairs = 2, LL nodes = 56, remaining time = 55.4184 seconds. 
After agent 7: Remaining agents = 43, colliding pairs = 2, LL nodes = 48, remaining time = 55.4182 seconds. 
After agent 22: Remaining agents = 42, colliding pairs = 4, LL nodes = 2778, remaining time = 54.6198 seconds. 
After agent 6: Remaining agents = 41, colliding pairs = 4, LL nodes = 1877, remaining time = 53.2623 seconds. 
After agent 32: Remaining agents = 40, colliding pairs = 4, LL nodes = 150, remaining time = 53.2617 seconds. 
After agent 14: Remaining agents = 39, colliding pairs = 4, LL nodes = 242, remaining time = 53.261 seconds. 
After agent 15: Remaining agents = 38, colliding pairs = 5, LL nodes = 1969, remaining time = 52.1179 seconds. 
After agent 45: Remaining agents = 37, colliding pairs = 5, LL nodes = 1880, remaining time = 50.7594 seconds. 
After agent 26: Remaining agents = 36, colliding pairs = 7, LL nodes = 91365, remaining time = 22.5677 seconds. 
After agent 30: Remaining agents = 35, colliding pairs = 9, LL nodes = 90275, remaining time = -0.74982 seconds. 
Collision graph: (4,15),(6,30),(11,22),(11,24),(11,26),(11,30),(22,24),(22,26),(41,44),
|V|=51, |E|=9
Agent 0: 
Agent 1: 
Agent 2: 
Agent 3: 
Agent 4: 1578	1579	1539	1540	1500	1460	1420	1380	1381	1341	1342	1302	1303	1263	1264	1265	1225	1226	1186	1146	1106	1066	1065	1064	1024	984	985	945	905	865	864	824	784	744	745	705	706	707	667	627	626	586	585	545	505	504	503	463	423	383	384	385	345	305	265	264	224	223	183	182	181	141	101	102	62	63	64	24	25	26	66	67	68	28	29	30	70	110	150	151	152	153	113	114	115	75	35	36	
Agent 5: 
Agent 6: 1580	1581	1541	1501	1461	1421	1381	1341	1340	1300	1260	1220	1180	1140	1100	1099	1098	1058	1057	1056	1055	1015	1014	974	934	894	854	853	852	851	811	771	731	691	651	611	571	531	530	529	489	449	409	408	368	328	288	248	208	168	128	88	48	8	7	6	6	6	6	6	6	6	6	6	6	6	6	6	6	6	6	6	6	6	6	6	6	6	6	6	6	6	6	6	6	6	6	6	6	6	6	6	6	6	6	6	6	6	6	6	6	6	6	6	6	6	6	6	6	6	6	6	6	6	6	6	6	6	6	6	6	6	6	6	6	6	6	6	6	6	6	6	6	6	6	6	6	6	6	6	6	6	6	6	6	6	6	6	6	6	6	6	6	6	6	6	6	6	6	6	6	6	6	6	6	6	6	6	6	6	6	6	6	6	6	6	6	6	6	6	6	6	6	6	6	6	6	6	6	6	6	6	6	6	6	6	6	6	6	6	6	6	6	6	6	6	6	6	6	6	6	6	6	6	6	6	6	6	6	6	6	6	6	6	6	6	6	6	6	6	6	6	6	6	6	6	6	6	6	5	4	
Agent 7: 1580	1540	1500	1460	1420	1380	1340	1300	1260	1220	1180	1140	1100	1099	1059	1019	979	939	940	900	860	859	819	818	817	777	737	697	657	656	616	576	536	496	456	416	415	375	335	295	296	256	216	176	136	96	56	16	
Agent 8: 
Agent 9: 
Agent 10: 
Agent 11: 1588	1589	1590	1591	1551	1552	1512	1472	1473	1474	1434	1394	1354	1355	1356	1316	1276	1236	1196	1156	1116	1115	1075	1035	995	994	993	992	1032	1072	1112	1152	1192	1232	1272	1312	1352	1351	1391	1431	1430	1429	1389	1349	1309	1269	1229	1189	1188	1148	1108	1068	1069	1029	1030	990	950	949	948	908	907	906	905	945	985	984	1024	1064	1065	1105	1106	1146	1186	1185	1225	1265	1305	1345	1385	1384	1424	1464	1465	1505	1506	1546	1586	1585	1584	1583	1582	1581	1580	1579	1539	1499	1459	1419	1420	1421	1422	1382	1342	1302	1301	1261	1221	1220	1180	1140	1100	1099	1059	1058	1018	978	979	980	940	900	860	820	780	740	741	701	702	662	622	582	581	541	501	461	421	381	382	342	343	303	304	264	224	223	183	143	144	145	105	106	107	147	148	188	228	229	269	270	310	350	390	391	392	393	433	434	474	514	554	555	556	516	517	518	478	479	439	399	398	397	396	356	355	315	314	313	273	233	232	192	152	151	150	110	109	69	29	28	27	26	25	24	64	63	62	102	101	100	99	139	179	178	218	217	257	256	296	295	335	334	333	293	292	291	290	330	329	328	288	248	208	207	167	166	126	86	85	45	5	4	3	43	83	123	122	121	81	41	1	0	
Agent 12: 
Agent 13: 
Agent 14: 1590	1550	1550	1550	1550	1550	1550	1550	1550	1550	1550	1510	1470	1470	1470	1470	1470	1470	1470	1470	1470	1470	1470	1470	1470	1470	1470	1470	1470	1470	1470	1470	1470	1470	1470	1470	1470	1470	1470	1470	1470	1430	1429	1389	1349	1350	1310	1311	1271	1272	1232	1233	1193	1153	1152	1112	1072	1073	1074	1114	1115	1116	1156	1196	1236	1276	1316	1356	1355	1395	1394	1393	1392	1432	1472	1473	1513	1514	1554	1555	1595	1596	1597	1598	1599	1559	1519	1518	1478	1438	1439	1399	1359	1358	1318	1278	1279	1239	1199	1159	1158	1118	1078	1038	998	958	959	919	879	839	838	837	877	917	916	915	955	954	953	913	873	833	793	753	713	714	715	716	676	677	637	638	598	599	559	519	479	439	438	437	477	477	477	477	477	477	477	477	477	477	477	477	477	477	477	477	477	477	477	477	477	477	477	477	477	477	477	477	477	477	477	477	477	517	557	556	555	515	475	435	395	394	354	314	313	273	272	232	192	191	151	111	71	31	30	29	28	68	28	
Agent 15: 1590	1591	1551	1552	1553	1513	1473	1474	1434	1435	1395	1355	1356	1316	1276	1236	1196	1156	1116	1076	1036	996	956	916	876	836	796	756	716	676	636	596	556	516	476	436	396	356	316	276	236	196	156	116	76	36	
Agent 16: 
Agent 17: 
Agent 18: 
Agent 19: 
Agent 20: 
Agent 21: 
Agent 22: 1598	1597	1596	1595	1594	1554	1553	1552	1551	1511	1510	1470	1430	1429	1389	1389	1349	1309	1269	1229	1228	1188	1148	1147	1146	1106	1066	1065	1064	1024	1023	1022	1021	1020	980	940	900	860	820	819	818	817	816	815	814	774	734	694	654	653	652	651	611	610	570	530	529	489	449	409	369	368	367	366	365	325	324	284	283	243	203	163	123	83	82	81	41	1	0	
Agent 23: 
Agent 24: 1598	1558	1557	1556	1516	1515	1514	1513	1512	1472	1432	1392	1352	1351	1350	1349	1309	1269	1229	1189	1188	1187	1147	1107	1067	1066	1065	1064	1063	1023	1022	1021	1020	980	940	900	860	859	819	818	817	816	815	814	774	734	694	654	653	652	651	650	610	609	569	529	528	527	487	447	446	406	366	365	325	324	323	283	243	203	163	123	122	82	81	41	1	0	
Agent 25: 
Agent 26: 1568	1528	1488	1448	1408	1409	1410	1411	1412	1452	1492	1532	1572	1573	1574	1534	1494	1454	1414	1374	1373	1333	1293	1253	1213	1173	1133	1093	1092	1052	1051	1011	1010	1009	1049	1089	1129	1169	1168	1167	1127	1126	1086	1046	1006	1005	1004	1003	963	923	883	843	842	802	762	722	723	683	643	603	602	562	522	523	483	443	403	363	323	283	243	203	163	123	122	82	81	41	1	0	
Agent 27: 
Agent 28: 1592	1552	1512	1511	1510	1470	1469	1429	1389	1349	1309	1269	1229	1189	1188	1148	1147	1146	1145	1105	1104	1103	1063	1062	1022	1021	1020	980	940	900	860	820	819	818	817	816	815	775	735	734	694	654	653	652	612	611	571	570	530	529	528	527	487	486	446	406	405	365	325	324	284	244	243	203	163	123	83	43	42	2	
Agent 29: 
Agent 30: 1564	1524	1523	1483	1443	1403	1402	1362	1322	1282	1242	1202	1162	1161	1121	1081	1080	1040	1000	1001	961	921	881	841	842	802	762	763	723	683	643	603	602	562	522	523	483	443	403	363	323	283	243	203	163	123	83	43	3	4	
Agent 31: 
Agent 32: 1596	1556	1556	1596	1556	1516	1517	1477	1478	1479	1439	1399	1398	1358	1318	1278	1238	1198	1197	1196	1156	1116	1076	1036	996	956	955	915	875	835	795	755	715	716	717	677	678	638	598	558	558	558	558	558	558	558	558	558	558	558	558	558	558	558	558	558	558	558	558	558	558	558	558	558	558	558	558	558	558	558	558	558	558	558	558	558	558	558	558	558	558	558	558	558	558	558	558	558	558	558	558	558	558	558	558	558	558	558	558	558	558	558	558	558	558	558	558	558	558	558	558	558	558	558	558	558	558	558	558	558	558	558	558	558	558	558	558	558	558	558	558	558	558	558	558	558	558	558	558	558	558	558	558	558	558	558	558	558	558	558	558	558	558	558	558	558	558	558	558	558	558	558	558	558	558	558	558	558	558	558	558	558	558	558	518	517	477	476	436	436	436	396	356	316	276	275	274	234	233	193	192	152	151	111	71	31	30	29	69	68	67	107	106	146	186	185	225	224	223	263	303	343	342	341	340	300	299	298	258	257	217	216	176	136	96	56	55	15	14	13	53	52	51	50	49	9	8	7	7	6	
Agent 33: 
Agent 34: 
Agent 35: 
Agent 36: 
Agent 37: 
Agent 38: 
Agent 39: 
Agent 40: 
Agent 41: 1588	1587	1586	1585	1584	1583	1582	1581	1580	1540	1500	1460	1420	1380	1340	1300	1260	1220	1180	1140	1100	1099	1098	1058	1057	1056	1055	1054	1014	974	934	894	854	814	774	734	694	654	614	574	534	494	454	453	413	373	333	293	253	213	212	172	132	92	52	12	
Agent 42: 
Agent 43: 
Agent 44: 1588	1587	1547	1546	1506	1505	1504	1464	1424	1423	1422	1382	1342	1302	1262	1222	1182	1142	1102	1062	1022	1021	1020	980	940	900	860	820	821	781	741	701	661	662	622	582	542	543	503	463	423	383	343	303	263	223	183	182	142	102	62	22	
Agent 45: 1592	1593	1553	1513	1473	1433	1432	1392	1352	1312	1272	1232	1192	1152	1112	1072	1032	992	952	912	872	832	792	752	712	672	632	592	552	512	472	471	431	430	429	389	349	348	308	268	228	188	148	147	146	106	106	106	106	106	106	106	106	106	106	106	106	106	106	106	106	106	106	106	106	106	106	106	106	106	106	66	66	66	66	66	66	66	66	66	66	66	66	66	66	66	66	66	66	66	66	66	66	66	66	66	66	66	66	66	66	66	66	66	66	66	66	66	66	66	66	66	66	66	66	66	66	66	66	66	66	66	66	66	66	66	66	66	66	66	66	66	66	66	66	66	66	66	66	66	66	66	66	66	66	66	66	66	66	66	66	66	66	66	66	66	66	66	66	66	66	66	66	66	66	66	66	66	66	66	66	66	66	66	66	66	66	66	66	66	66	66	66	66	66	66	66	66	66	66	66	66	66	66	66	66	66	66	66	66	26	
Agent 46: 
Agent 47: 
Agent 48: 
Agent 49: 
Agent 50: 
Iteration 1, group size = 48, colliding pairs = 9, solution cost = 1762, remaining time = -0.749896
	InitLNS(PP): runtime = 86.9792, iterations = 1, colliding pairs = 9, initial colliding pairs = 9, solution cost = 1762, initial solution cost = 1762, failed iterations = 0
Failed to find an initial solution in 100.751 seconds after  0 restarts
