Pre-processing time = 5.03568 seconds.
4(1073741823->18446744073709551615), 28(1073741823->18446744073709551615), 11(1073741823->18446744073709551615), 15(1073741823->18446744073709551615), 24(51->18446744073709551615), 35(49->18446744073709551615), 17(1073741823->18446744073709551615), 36(1073741823->18446744073709551615), 26(61->18446744073709551615), 50(63->18446744073709551615), 33(47->18446744073709551615), 39(57->18446744073709551615), 19(51->18446744073709551615), 2(57->18446744073709551615), 47(1073741823->18446744073709551615), 49(47->18446744073709551615), 25(53->18446744073709551615), 18(53->18446744073709551615), 32(55->18446744073709551615), 40(49->18446744073709551615), 5(49->18446744073709551615), 21(43->18446744073709551615), 7(39->18446744073709551615), 12(49->18446744073709551615), 14(41->18446744073709551615), 42(47->18446744073709551615), 27(59->18446744073709551615), 6(1073741823->18446744073709551615), 45(59->18446744073709551615), 44(77->18446744073709551615), 30(47->18446744073709551615), 38(71->18446744073709551615), 13(41->18446744073709551615), 37(49->18446744073709551615), 3(49->18446744073709551615), 16(1073741823->18446744073709551615), 29(1073741823->18446744073709551615), 43(73->18446744073709551615), 9(55->18446744073709551615), 22(43->18446744073709551615), 8(67->18446744073709551615), 23(43->18446744073709551615), 20(71->18446744073709551615), 34(65->18446744073709551615), 1(61->18446744073709551615), 10(49->18446744073709551615), 31(49->18446744073709551615), 0(61->18446744073709551615), 46(69->18446744073709551615), 41(55->18446744073709551615), 48(1073741823->18446744073709551615), 
Remaining agents = 51, remaining time = 99.9999 seconds. 
Agent 4
Remaining agents = 50, remaining time = 92.0639 seconds. 
Agent 28
Remaining agents = 49, remaining time = 86.3764 seconds. 
Agent 11
After agent 44: Remaining agents = 48, colliding pairs = 0, LL nodes = 78, remaining time = 85.9721 seconds. 
After agent 18: Remaining agents = 47, colliding pairs = 0, LL nodes = 54, remaining time = 85.9133 seconds. 
After agent 24: Remaining agents = 46, colliding pairs = 0, LL nodes = 499, remaining time = 85.9121 seconds. 
After agent 2: Remaining agents = 45, colliding pairs = 0, LL nodes = 538, remaining time = 85.492 seconds. 
After agent 37: Remaining agents = 44, colliding pairs = 2, LL nodes = 124425, remaining time = 45.3183 seconds. 
After agent 26: Remaining agents = 43, colliding pairs = 2, LL nodes = 62, remaining time = 43.9063 seconds. 
After agent 7: Remaining agents = 42, colliding pairs = 2, LL nodes = 57, remaining time = 43.6869 seconds. 
After agent 9: Remaining agents = 41, colliding pairs = 4, LL nodes = 3547, remaining time = 41.943 seconds. 
After agent 5: Remaining agents = 40, colliding pairs = 4, LL nodes = 56, remaining time = 41.9422 seconds. 
After agent 40: Remaining agents = 39, colliding pairs = 7, LL nodes = 122321, remaining time = -3.71853 seconds. 
Collision graph: (7,9),(9,26),(24,37),(24,40),(28,37),(28,40),(37,40),
|V|=51, |E|=7
Agent 0: 
Agent 1: 
Agent 2: 1568	1568	1568	1568	1568	1568	1568	1568	1528	1488	1448	1408	1409	1409	1409	1409	1409	1409	1369	1370	1371	1331	1332	1292	1293	1253	1254	1214	1174	1134	1094	1093	1092	1052	1012	972	932	931	930	929	969	1009	1008	1007	1006	966	965	964	963	962	922	921	920	880	840	800	760	761	721	722	682	683	684	685	645	605	606	607	567	527	487	447	446	445	444	404	403	363	323	283	243	242	202	201	200	160	120	121	81	82	42	43	3	4	5	6	7	8	9	49	89	129	128	168	208	248	288	287	327	367	368	369	329	330	290	291	251	252	253	213	173	172	132	131	91	51	52	53	54	54	54	54	54	54	54	54	54	54	54	54	54	54	54	54	54	54	54	54	54	54	54	54	54	54	54	54	54	54	54	54	54	54	54	54	54	54	55	56	57	58	18	19	20	60	100	99	139	179	178	218	217	257	297	337	338	339	299	300	260	261	221	181	141	142	143	183	223	263	303	304	305	345	385	384	383	382	381	421	461	501	541	542	582	622	662	702	701	741	781	821	820	860	900	940	939	979	1019	1059	1099	1100	1101	1102	1062	1063	1023	1024	984	985	945	905	904	864	824	784	785	745	746	706	666	626	586	587	547	507	508	509	469	429	389	349	348	308	268	228	188	148	147	107	67	27	26	
Agent 3: 
Agent 4: 1588	1589	1549	1550	1510	1470	1430	1390	1391	1351	1352	1312	1313	1273	1274	1275	1235	1236	1196	1197	1157	1158	1118	1078	1038	998	958	918	919	879	839	838	798	758	718	678	638	637	597	557	556	555	595	635	675	715	714	713	753	752	792	791	790	789	788	787	747	746	745	785	784	824	864	865	905	945	985	984	1024	1023	1022	1062	1102	1142	1143	1144	1104	1105	1065	1066	1067	1107	1108	1148	1188	1187	1186	1185	1225	1265	1266	1306	1346	1386	1426	1466	1506	1546	1545	1544	1584	1583	1582	1542	1502	1503	1463	1423	1422	1421	1381	1380	1379	1339	1299	1259	1260	1261	1221	1181	1180	1140	1100	1099	1059	1019	979	939	940	900	860	820	780	740	741	701	661	662	622	623	624	584	585	545	505	465	464	424	384	383	382	381	341	340	300	299	298	258	257	256	216	176	136	135	95	55	56	57	58	18	19	20	60	100	140	139	179	219	220	221	261	262	263	223	224	225	185	145	105	106	66	67	68	28	
Agent 5: 1584	1583	1582	1581	1580	1540	1500	1460	1420	1380	1340	1300	1260	1220	1180	1140	1100	1099	1059	1019	1020	980	940	900	860	860	820	780	740	741	701	702	662	622	623	624	584	544	545	505	465	425	385	345	305	265	266	226	186	146	147	107	67	68	28	29	30	
Agent 6: 
Agent 7: 1592	1592	1592	1592	1552	1553	1554	1514	1515	1516	1556	1596	1597	1598	1558	1518	1478	1438	1437	1397	1357	1356	1316	1276	1275	1235	1195	1194	1154	1153	1113	1073	1033	993	992	952	912	872	832	792	752	712	672	632	592	552	512	472	432	392	352	312	272	232	192	152	112	72	32	
Agent 8: 
Agent 9: 1576	1536	1496	1456	1416	1376	1336	1296	1256	1216	1176	1136	1137	1138	1098	1058	1059	1019	979	939	940	900	901	902	903	904	905	906	907	908	909	869	870	830	790	791	792	752	712	672	632	592	552	512	472	432	392	352	312	272	232	192	152	112	72	32	
Agent 10: 
Agent 11: 
Agent 12: 
Agent 13: 
Agent 14: 
Agent 15: 
Agent 16: 
Agent 17: 
Agent 18: 1562	1563	1564	1565	1525	1526	1527	1528	1529	1530	1490	1450	1451	1411	1371	1331	1291	1251	1252	1253	1254	1214	1174	1134	1094	1054	1014	974	934	894	854	814	774	734	694	654	614	574	534	494	454	455	415	375	335	295	255	256	216	176	136	96	56	16	
Agent 19: 
Agent 20: 
Agent 21: 
Agent 22: 
Agent 23: 
Agent 24: 1572	1573	1574	1534	1494	1493	1492	1491	1491	1491	1491	1491	1491	1451	1411	1371	1370	1369	1329	1289	1290	1291	1292	1252	1253	1213	1214	1215	1216	1176	1136	1096	1097	1098	1098	1098	1098	1098	1098	1098	1098	1098	1098	1098	1098	1098	1098	1098	1098	1098	1098	1098	1098	1098	1098	1098	1098	1098	1098	1098	1098	1098	1098	1098	1098	1098	1098	1098	1098	1098	1098	1098	1098	1098	1098	1098	1098	1098	1098	1098	1098	1098	1098	1098	1098	1098	1098	1098	1098	1098	1098	1098	1098	1098	1098	1098	1098	1098	1098	1098	1098	1098	1098	1098	1098	1098	1098	1098	1098	1098	1098	1098	1098	1098	1098	1098	1098	1098	1098	1098	1098	1098	1098	1098	1098	1058	1059	1019	1020	980	940	941	901	902	903	904	905	906	907	908	948	949	950	990	1030	1029	1069	1068	1108	1148	1188	1228	1229	1269	1270	1271	1272	1232	1192	1193	1194	1195	1235	1236	1276	1316	1317	1318	1278	1279	1239	1199	1198	1158	1118	1078	1079	1039	1039	1039	1039	1039	1039	1039	1039	1039	1039	1039	1039	1039	1039	1039	1039	1039	1039	1039	1039	1039	1039	1039	1039	1039	1039	1039	1039	1039	1039	1039	1039	1039	1039	1039	1039	1039	1039	1039	999	998	958	918	878	838	839	799	759	719	718	717	677	676	636	636	636	636	636	635	595	594	593	553	513	473	433	393	394	395	435	436	437	397	357	317	277	237	197	196	156	155	154	114	113	73	72	71	70	69	68	67	66	26	25	24	
Agent 25: 
Agent 26: 1574	1534	1494	1454	1414	1374	1334	1294	1254	1214	1174	1134	1094	1054	1014	1015	975	976	936	896	897	857	817	818	819	820	780	740	741	701	661	662	622	582	542	543	503	504	464	424	425	385	345	305	265	266	226	186	146	106	107	67	68	28	29	30	31	32	33	34	35	36	
Agent 27: 
Agent 28: 1578	1577	1576	1536	1496	1497	1457	1417	1377	1376	1336	1296	1297	1257	1217	1216	1176	1136	1096	1056	1057	1058	1058	1058	1058	1058	1058	1058	1058	1058	1058	1058	1058	1058	1058	1058	1058	1058	1058	1058	1058	1058	1058	1058	1058	1058	1058	1058	1058	1058	1058	1058	1058	1058	1058	1058	1058	1058	1058	1058	1058	1058	1058	1058	1058	1058	1058	1058	1058	1058	1058	1058	1058	1058	1058	1058	1058	1058	1058	1058	1058	1058	1058	1058	1058	1058	1058	1058	1058	1058	1058	1058	1058	1058	1058	1058	1058	1058	1058	1058	1058	1058	1058	1058	1058	1058	1058	1058	1058	1058	1058	1058	1058	1058	1058	1058	1058	1058	1058	1058	1058	1058	1058	1058	1058	1059	1019	1020	980	940	900	860	859	819	818	817	857	897	937	936	935	895	855	815	814	774	734	694	654	614	574	534	494	454	455	456	416	417	418	419	459	499	498	497	537	536	576	616	656	657	658	618	619	579	580	581	541	542	502	503	504	464	465	466	467	507	547	548	549	589	629	628	627	667	707	708	748	788	789	790	791	831	832	833	793	794	795	796	836	876	916	917	957	997	998	999	959	919	879	878	838	798	799	759	719	718	678	677	637	597	557	556	555	595	635	634	633	593	592	552	551	511	471	431	391	390	389	349	348	308	268	269	270	310	311	312	272	232	192	191	190	189	188	148	147	146	106	66	26	25	24	64	63	62	102	142	182	183	223	263	303	343	383	382	381	380	340	339	338	298	297	296	295	255	254	253	213	173	172	171	131	130	129	89	49	50	51	11	12	
Agent 29: 
Agent 30: 
Agent 31: 
Agent 32: 
Agent 33: 
Agent 34: 
Agent 35: 
Agent 36: 
Agent 37: 1590	1591	1551	1552	1512	1472	1432	1392	1352	1312	1272	1232	1192	1152	1112	1072	1032	992	952	912	872	832	792	752	712	672	632	631	630	590	589	549	509	469	429	389	349	348	308	268	228	188	148	147	107	67	66	26	25	24	
Agent 38: 
Agent 39: 
Agent 40: 1594	1554	1553	1513	1513	1512	1472	1432	1392	1352	1312	1272	1232	1192	1152	1112	1072	1032	992	952	912	872	832	792	752	712	672	671	631	630	590	589	549	509	469	429	389	349	348	308	268	228	188	148	147	146	106	66	26	25	24	
Agent 41: 
Agent 42: 
Agent 43: 
Agent 44: 1598	1597	1557	1517	1477	1437	1397	1396	1395	1394	1393	1392	1352	1351	1311	1271	1270	1230	1229	1228	1188	1187	1147	1146	1106	1105	1065	1064	1063	1023	1022	1021	1020	980	940	900	860	859	819	818	817	816	815	775	735	734	694	654	653	652	612	572	571	531	530	529	489	449	448	408	407	406	366	365	325	324	323	283	243	203	163	123	122	82	42	41	1	0	
Agent 45: 
Agent 46: 
Agent 47: 
Agent 48: 
Agent 49: 
Agent 50: 
Iteration 1, group size = 49, colliding pairs = 7, solution cost = 1501, remaining time = -3.85692
	InitLNS(PP): runtime = 89.8602, iterations = 1, colliding pairs = 7, initial colliding pairs = 7, solution cost = 1501, initial solution cost = 1501, failed iterations = 0
Failed to find an initial solution in 103.858 seconds after  0 restarts
