Pre-processing time = 2.06989 seconds.
4(1073741823->18446744073709551615), 28(55->18446744073709551615), 11(51->18446744073709551615), 15(55->18446744073709551615), 24(1073741823->18446744073709551615), 35(63->18446744073709551615), 17(47->18446744073709551615), 36(77->18446744073709551615), 26(47->18446744073709551615), 50(1073741823->18446744073709551615), 33(53->18446744073709551615), 39(61->18446744073709551615), 19(49->18446744073709551615), 2(1073741823->18446744073709551615), 47(43->18446744073709551615), 49(59->18446744073709551615), 25(59->18446744073709551615), 18(63->18446744073709551615), 32(47->18446744073709551615), 40(57->18446744073709551615), 5(45->18446744073709551615), 21(41->18446744073709551615), 7(1073741823->18446744073709551615), 12(51->18446744073709551615), 14(47->18446744073709551615), 42(1073741823->18446744073709551615), 27(49->18446744073709551615), 6(69->18446744073709551615), 45(51->18446744073709551615), 44(59->18446744073709551615), 30(65->18446744073709551615), 38(59->18446744073709551615), 13(57->18446744073709551615), 37(53->18446744073709551615), 3(61->18446744073709551615), 16(65->18446744073709551615), 29(45->18446744073709551615), 43(1073741823->18446744073709551615), 9(69->18446744073709551615), 22(49->18446744073709551615), 8(49->18446744073709551615), 23(55->18446744073709551615), 20(41->18446744073709551615), 34(45->18446744073709551615), 1(39->18446744073709551615), 10(49->18446744073709551615), 31(49->18446744073709551615), 0(1073741823->18446744073709551615), 46(57->18446744073709551615), 41(67->18446744073709551615), 48(47->18446744073709551615), 
Remaining agents = 51, remaining time = 99.9999 seconds. 
Agent 4
Remaining agents = 50, remaining time = 96.5764 seconds. 
Agent 28
Remaining agents = 49, remaining time = 96.3723 seconds. 
Agent 11
Remaining agents = 48, remaining time = 96.3722 seconds. 
Agent 15
Remaining agents = 47, remaining time = 96.372 seconds. 
Agent 24
Remaining agents = 46, remaining time = 96.0019 seconds. 
Agent 35
After agent 46: Remaining agents = 45, colliding pairs = 0, LL nodes = 58, remaining time = 66.8312 seconds. 
After agent 34: Remaining agents = 44, colliding pairs = 0, LL nodes = 1153, remaining time = 66.7461 seconds. 
After agent 45: Remaining agents = 43, colliding pairs = 1, LL nodes = 220802, remaining time = 27.9178 seconds. 
After agent 1: Remaining agents = 42, colliding pairs = 1, LL nodes = 41, remaining time = 27.9175 seconds. 
After agent 35: Remaining agents = 41, colliding pairs = 3, LL nodes = 178153, remaining time = -1.3095 seconds. 
Collision graph: (24,35),(24,45),(35,45),
|V|=51, |E|=3
Agent 0: 
Agent 1: 1592	1592	1552	1512	1472	1432	1392	1352	1312	1272	1232	1192	1152	1112	1072	1032	992	952	912	872	832	792	752	712	672	632	592	552	512	472	432	392	352	312	272	232	192	152	112	72	32	
Agent 2: 
Agent 3: 
Agent 4: 1588	1589	1549	1550	1510	1470	1430	1390	1391	1351	1352	1312	1313	1273	1274	1275	1235	1236	1196	1197	1157	1158	1118	1078	1038	998	958	918	919	879	839	838	798	758	718	678	638	637	597	557	556	555	595	635	675	715	714	713	753	752	792	791	790	789	788	787	747	746	745	785	784	824	864	865	905	945	985	984	1024	1023	1022	1062	1102	1142	1143	1144	1104	1105	1065	1066	1067	1107	1108	1148	1188	1187	1186	1185	1225	1265	1266	1306	1346	1386	1426	1466	1506	1546	1545	1544	1584	1583	1582	1542	1502	1503	1463	1423	1422	1421	1381	1380	1379	1339	1299	1259	1260	1261	1221	1181	1180	1140	1100	1099	1059	1019	979	939	940	900	860	820	780	740	741	701	661	662	622	623	624	584	585	545	505	465	464	424	384	383	382	381	341	340	300	299	298	258	257	256	216	176	136	135	95	55	56	57	58	18	19	20	60	100	140	139	179	219	220	221	261	262	263	223	224	225	185	145	105	106	66	67	68	69	109	110	111	151	152	192	232	272	312	352	392	391	431	471	472	473	433	434	435	395	355	354	314	274	275	276	236	196	195	194	154	114	115	116	117	157	158	159	119	79	39	38	37	36	35	34	
Agent 5: 
Agent 6: 
Agent 7: 
Agent 8: 
Agent 9: 
Agent 10: 
Agent 11: 1564	1524	1525	1526	1486	1446	1406	1407	1408	1409	1410	1370	1330	1331	1332	1333	1293	1253	1213	1173	1133	1134	1094	1054	1014	974	934	894	854	814	774	734	694	654	614	574	534	494	454	455	415	375	335	295	255	256	216	176	136	96	56	16	
Agent 12: 
Agent 13: 
Agent 14: 
Agent 15: 1568	1569	1570	1530	1490	1491	1492	1452	1453	1413	1414	1374	1334	1294	1254	1214	1174	1134	1094	1054	1055	1015	975	976	936	896	856	857	817	777	737	697	657	658	618	619	579	539	499	459	419	420	380	340	300	260	220	180	181	182	142	102	62	63	64	24	
Agent 16: 
Agent 17: 
Agent 18: 
Agent 19: 
Agent 20: 
Agent 21: 
Agent 22: 
Agent 23: 
Agent 24: 1578	1579	1539	1540	1500	1460	1420	1420	1420	1420	1420	1420	1420	1420	1420	1420	1420	1420	1420	1420	1420	1420	1420	1420	1420	1420	1420	1420	1420	1420	1420	1420	1420	1420	1420	1420	1420	1420	1420	1420	1420	1420	1420	1420	1420	1420	1420	1420	1420	1420	1420	1420	1420	1420	1420	1420	1420	1420	1420	1420	1420	1420	1420	1420	1420	1420	1420	1420	1420	1420	1420	1420	1420	1420	1420	1420	1420	1420	1420	1420	1420	1420	1420	1420	1420	1420	1420	1420	1420	1420	1420	1420	1420	1420	1420	1420	1420	1420	1420	1420	1420	1420	1420	1420	1420	1420	1420	1420	1420	1420	1420	1420	1380	1381	1341	1342	1343	1344	1345	1346	1306	1266	1265	1225	1185	1184	1144	1104	1064	1024	984	985	945	905	906	907	908	909	869	870	830	831	832	833	793	794	754	755	756	716	676	636	596	597	598	558	559	519	479	478	477	437	436	436	436	436	436	436	436	436	436	436	436	436	436	436	436	436	436	436	436	436	436	436	436	436	436	436	436	436	436	436	436	436	436	436	436	436	436	436	436	436	436	436	436	436	436	436	436	436	436	436	436	435	395	355	354	314	274	234	234	234	234	234	194	154	155	155	155	155	156	116	117	77	37	36	35	75	74	73	72	112	111	110	109	69	68	28	27	26	66	106	146	147	148	188	189	229	269	268	308	348	349	350	310	311	312	352	392	391	431	471	511	551	591	590	630	629	669	668	667	627	587	547	548	508	468	467	466	465	425	424	423	383	382	381	421	461	501	502	542	582	581	621	661	701	741	781	821	820	819	818	817	777	737	697	696	656	616	576	536	535	534	533	532	572	571	611	651	691	692	732	733	734	774	775	815	855	895	896	936	976	975	974	973	1013	1053	1093	1133	1173	1213	1214	1254	1294	1334	1333	1332	1292	1291	1290	1250	1249	1248	1288	1287	1327	1326	1325	1285	1284	1283	1282	1242	1202	1162	1122	1121	1081	1080	1040	1000	1001	961	962	922	923	924	925	926	886	846	845	805	804	764	763	723	683	643	603	602	601	561	560	520	480	440	441	401	361	360	320	280	240	241	242	282	322	323	324	325	365	405	404	403	443	483	484	485	525	526	527	487	447	407	367	368	328	288	248	247	207	167	166	165	205	204	203	163	123	122	121	81	41	42	2	3	4	5	45	85	86	87	88	48	49	50	51	11	12	
Agent 25: 
Agent 26: 
Agent 27: 
Agent 28: 1580	1581	1581	1581	1581	1581	1581	1581	1581	1581	1581	1581	1581	1581	1581	1581	1581	1581	1581	1581	1581	1581	1581	1581	1581	1581	1581	1581	1581	1581	1581	1581	1581	1581	1581	1581	1581	1581	1581	1581	1581	1581	1581	1581	1581	1581	1581	1581	1581	1581	1581	1581	1581	1581	1581	1581	1581	1581	1581	1581	1581	1581	1581	1581	1581	1581	1581	1581	1581	1581	1581	1581	1581	1581	1581	1581	1581	1581	1581	1581	1581	1581	1581	1581	1581	1581	1581	1581	1581	1581	1581	1581	1581	1581	1581	1581	1581	1581	1581	1581	1581	1581	1581	1582	1583	1543	1544	1504	1464	1463	1423	1383	1384	1344	1345	1305	1306	1266	1226	1186	1187	1188	1228	1229	1230	1231	1232	1192	1152	1112	1072	1032	992	993	994	995	996	997	957	917	877	837	838	798	799	759	719	718	678	638	598	599	559	519	518	478	438	439	399	359	319	318	317	316	316	316	316	316	316	316	316	316	316	316	316	316	316	316	316	316	316	316	316	316	316	316	316	316	316	316	316	316	316	316	316	316	316	316	316	316	316	316	316	316	316	316	316	316	316	316	316	316	316	316	316	316	316	316	316	316	276	236	196	156	156	156	156	156	156	156	157	158	118	119	79	39	38	37	36	
Agent 29: 
Agent 30: 
Agent 31: 
Agent 32: 
Agent 33: 
Agent 34: 1594	1554	1555	1556	1557	1558	1559	1519	1479	1478	1438	1398	1358	1318	1317	1316	1276	1276	1236	1196	1195	1155	1154	1114	1113	1113	1113	1113	1113	1113	1113	1113	1113	1113	1113	1113	1113	1113	1113	1113	1113	1113	1113	1113	1113	1113	1113	1113	1113	1113	1113	1113	1113	1113	1113	1113	1113	1113	1113	1113	1113	1113	1113	1113	1113	1113	1113	1113	1113	1113	1113	1113	1113	1113	1113	1113	1113	1113	1113	1113	1113	1113	1113	1113	1113	1113	1113	1113	1113	1113	1113	1113	1113	1113	1113	1113	1113	1113	1113	1113	1113	1113	1113	1113	1113	1113	1113	1113	1113	1113	1113	1113	1113	1113	1113	1113	1113	1113	1113	1113	1113	1113	1113	1113	1113	1113	1113	1113	1113	1113	1112	1111	1110	1109	1108	1068	1067	1066	1065	1105	1104	1103	1143	1142	1141	1101	1100	1099	1098	1058	1057	1056	1055	1015	1014	974	934	894	895	896	897	857	817	777	737	697	696	656	616	576	536	496	456	457	417	418	419	459	499	500	501	541	542	543	544	504	464	465	466	467	507	547	548	588	628	668	667	707	747	748	788	789	790	830	831	871	872	912	913	914	954	955	995	996	997	957	917	877	876	875	835	795	755	754	753	752	712	672	632	592	552	512	472	432	392	352	312	272	232	192	152	152	112	111	110	109	69	68	28	
Agent 35: 1596	1595	1594	1593	1553	1552	1512	1511	1471	1470	1469	1429	1389	1349	1309	1269	1229	1228	1188	1148	1147	1146	1145	1144	1143	1103	1063	1062	1022	1021	1020	980	940	900	860	820	819	818	817	777	737	697	696	656	616	576	575	535	534	494	454	453	413	373	372	332	292	252	212	172	132	92	52	12	
Agent 36: 
Agent 37: 
Agent 38: 
Agent 39: 
Agent 40: 
Agent 41: 
Agent 42: 
Agent 43: 
Agent 44: 
Agent 45: 1584	1544	1504	1464	1463	1462	1422	1382	1342	1302	1262	1222	1182	1142	1102	1062	1022	1021	1020	980	940	900	860	859	819	818	817	777	737	736	696	656	616	576	536	496	456	416	415	375	374	373	333	293	292	252	212	172	132	92	52	12	
Agent 46: 1592	1552	1512	1472	1432	1392	1352	1312	1272	1232	1192	1152	1112	1072	1032	992	952	951	911	871	870	830	790	789	788	748	747	707	706	666	626	625	585	584	544	543	503	463	423	383	343	303	263	223	183	182	181	141	101	100	99	98	58	57	56	55	15	14	
Agent 47: 
Agent 48: 
Agent 49: 
Agent 50: 
Iteration 1, group size = 46, colliding pairs = 3, solution cost = 1511, remaining time = -1.30954
	InitLNS(PP): runtime = 68.3577, iterations = 1, colliding pairs = 3, initial colliding pairs = 3, solution cost = 1511, initial solution cost = 1511, failed iterations = 0
Failed to find an initial solution in 102 seconds after  0 restarts
